1

51
27
7
340
1 3 3
1 9 1
1 12 2
1 29 3
1 31 3
1 40 1
1 49 1
1 50 3
2 23 3
2 39 1
2 44 3
3 5 1
3 7 2
3 12 1
3 17 1
3 19 1
3 35 1
3 38 3
3 40 3
4 1 1
4 5 2
4 13 3
4 24 2
4 25 3
4 29 2
4 31 2
4 45 1
4 50 3
4 51 1
5 7 1
5 11 1
5 15 2
5 23 1
5 25 3
5 47 3
6 17 2
6 21 1
6 47 2
6 50 2
7 4 1
7 18 3
7 20 3
7 21 3
7 27 1
7 40 1
7 41 3
8 22 3
8 28 2
8 43 3
9 2 1
9 3 3
9 7 2
9 10 1
9 19 1
9 20 1
9 23 1
9 24 3
9 26 3
9 27 3
9 31 2
9 32 3
9 42 3
10 1 3
10 6 3
10 20 2
10 30 3
10 34 3
10 37 3
10 49 2
11 3 3
11 7 2
11 12 2
11 16 3
11 29 2
11 33 1
11 39 1
11 41 1
11 45 1
11 50 3
11 51 3
12 8 3
12 27 1
12 35 1
12 37 3
12 43 3
12 44 1
12 51 1
13 36 2
13 41 2
13 48 3
14 7 3
14 8 3
14 16 3
14 18 1
14 37 1
14 39 1
15 5 1
15 9 2
15 12 2
15 14 3
15 23 3
15 26 1
15 32 3
15 43 3
15 44 2
15 46 2
16 3 3
16 7 3
16 12 3
16 19 3
16 25 2
16 27 2
16 29 2
16 47 1
16 50 3
17 44 3
17 47 2
18 1 3
18 3 1
18 16 1
18 21 2
18 27 3
18 37 2
18 46 2
19 1 1
19 2 3
19 21 3
19 22 2
20 11 1
20 37 3
20 45 2
21 4 3
21 22 2
21 43 1
21 48 2
22 3 2
22 8 2
22 13 2
22 17 2
22 19 1
22 30 3
22 48 1
23 18 3
23 21 3
23 26 3
23 49 2
24 2 2
24 22 2
24 30 3
24 36 2
24 38 2
24 41 2
25 1 3
25 6 3
25 7 1
25 19 2
25 23 1
25 41 3
25 48 2
25 49 1
26 14 1
26 19 1
26 20 3
26 27 1
26 28 2
26 31 2
26 34 2
26 37 1
26 40 1
26 43 3
26 46 2
26 49 3
27 1 3
27 10 2
27 13 2
27 19 2
27 29 1
27 49 1
28 2 2
28 4 3
28 17 1
28 22 2
28 29 3
28 40 3
29 9 3
29 10 3
29 15 1
29 16 1
29 46 2
29 48 3
30 15 2
30 19 3
30 21 2
30 29 2
30 34 1
30 42 2
30 48 2
30 51 2
31 2 3
31 15 1
31 21 2
31 26 3
31 44 1
31 45 2
31 51 1
32 8 2
32 11 1
32 12 3
32 25 3
32 42 1
32 44 3
33 3 3
33 19 1
33 23 3
33 24 2
33 28 2
33 29 2
33 30 3
33 45 2
33 46 3
34 14 1
34 36 3
34 40 2
35 1 2
35 5 1
35 12 2
35 25 3
35 28 1
35 29 3
35 51 2
36 4 2
36 8 2
36 17 3
36 28 1
36 29 1
36 37 2
36 39 1
36 42 1
37 2 2
37 12 2
37 15 3
37 17 1
37 20 1
37 22 2
37 25 3
37 26 2
37 30 3
37 34 3
37 40 3
37 48 2
37 50 3
38 5 1
38 15 1
38 16 3
38 41 2
38 44 1
39 13 2
39 15 2
39 16 3
39 20 2
39 26 2
39 29 2
39 46 1
39 47 3
40 4 2
40 5 3
40 7 3
40 8 2
40 13 2
40 15 2
40 19 2
40 21 2
40 23 1
40 31 3
40 39 1
41 8 1
41 11 3
41 12 1
41 22 1
41 26 3
41 27 3
41 44 3
41 45 2
42 15 1
42 23 1
42 26 2
42 30 2
42 31 1
42 48 3
42 51 1
43 19 1
43 28 2
43 42 2
44 12 2
44 28 2
44 32 1
44 37 2
45 2 1
45 16 1
45 21 2
45 30 2
46 9 3
46 23 2
46 49 3
46 51 1
47 4 2
47 5 2
47 10 3
47 41 1
48 2 3
48 25 1
48 26 3
48 38 1
48 40 3
48 50 3
49 11 3
49 13 2
49 19 2
49 20 3
49 34 3
49 36 2
49 43 3
50 10 3
50 11 2
50 24 1
50 25 2
50 44 1
50 46 1
50 49 2
50 51 1
51 3 3
51 15 3
51 16 3
51 18 1
51 24 2
51 30 2
51 31 3
51 35 3
51 40 2
51 41 3